1.000000000000000000e+00 0.000000000000000000e+00 0.000000000000000000e+00 -0.000000000000000000e+00 0.000000000000000000e+00 1.000000000000000000e+00 0.000000000000000000e+00 0.000000000000000000e+00 0.000000000000000000e+00 0.000000000000000000e+00 1.000000000000000000e+00 0.000000000000000000e+00
9.998476951658296086e-01 -0.000000000000000000e+00 -1.745240589656745292e-02 -5.234767049551009716e-02 0.000000000000000000e+00 1.000000000000000222e+00 -0.000000000000000000e+00 0.000000000000000000e+00 1.745240589656745292e-02 0.000000000000000000e+00 9.998476951658296086e-01 9.790320725490649686e-04
9.993908270568430119e-01 -0.000000000000000000e+00 -3.489949562156299812e-02 -1.046953409910201943e-01 0.000000000000000000e+00 1.000000000000000000e+00 -0.000000000000000000e+00 0.000000000000000000e+00 3.489949562156299812e-02 0.000000000000000000e+00 9.993908270568430119e-01 1.958064145098129937e-03
9.986295347646444442e-01 -0.000000000000000000e+00 -5.233595605078951440e-02 -1.569802597165107783e-01 0.000000000000000000e+00 1.000000000000000222e+00 -0.000000000000000000e+00 0.000000000000000000e+00 5.233595605078951440e-02 0.000000000000000000e+00 9.986295347646444442e-01 4.614233924075962154e-03
9.975640501945958194e-01 -0.000000000000000000e+00 -6.975647467693781023e-02 -2.092547198136647524e-01 0.000000000000000000e+00 1.000000000000000222e+00 -0.000000000000000000e+00 0.000000000000000000e+00 6.975647467693781023e-02 0.000000000000000000e+00 9.975640501945958194e-01 7.549926654125253302e-03
9.961946980372784477e-01 -0.000000000000000000e+00 -8.715574337022005680e-02 -2.614246706167857037e-01 0.000000000000000000e+00 1.000000000000000000e+00 -0.000000000000000000e+00 0.000000000000000000e+00 8.715574337022005680e-02 0.000000000000000000e+00 9.961946980372784477e-01 1.188023015856742859e-02
9.945218953954793051e-01 -0.000000000000000000e+00 -1.045284630088054445e-01 -3.135528177022934293e-01 0.000000000000000000e+00 1.000000000000000000e+00 -0.000000000000000000e+00 0.000000000000000000e+00 1.045284630088054445e-01 0.000000000000000000e+00 9.945218953954793051e-01 1.676837764680385798e-02
9.925461515389619738e-01 -0.000000000000000000e+00 -1.218693442388042586e-01 -3.655556797981262540e-01 0.000000000000000000e+00 1.000000000000000222e+00 -0.000000000000000000e+00 0.000000000000000000e+00 1.218693442388042586e-01 0.000000000000000000e+00 9.925461515389619738e-01 2.276840855677923076e-02
9.902680682643233423e-01 -0.000000000000000000e+00 -1.391731043558553649e-01 -4.174645781517029031e-01 0.000000000000000000e+00 1.000000000000000222e+00 -0.000000000000000000e+00 0.000000000000000000e+00 1.391731043558553649e-01 0.000000000000000000e+00 9.902680682643233423e-01 2.960235203305880414e-02
9.876883396189136688e-01 -0.000000000000000000e+00 -1.564344712038680807e-01 -4.692484140396118164e-01 0.000000000000000000e+00 1.000000000000000222e+00 -0.000000000000000000e+00 0.000000000000000000e+00 1.564344712038680807e-01 0.000000000000000000e+00 9.876883396189136688e-01 3.726606667041779120e-02
9.848077510663885148e-01 -0.000000000000000000e+00 -1.736481887022213455e-01 -5.208654999732971191e-01 0.000000000000000000e+00 1.000000000000000000e+00 -0.000000000000000000e+00 0.000000000000000000e+00 1.736481887022213455e-01 0.000000000000000000e+00 9.848077510663885148e-01 4.603614285588265159e-02
9.816271809548695604e-01 -0.000000000000000000e+00 -1.908090082008607191e-01 -5.723785797754923355e-01 0.000000000000000000e+00 1.000000000000000222e+00 -0.000000000000000000e+00 0.000000000000000000e+00 1.908090082008607191e-01 0.000000000000000000e+00 9.816271809548695604e-01 5.535591542720795510e-02
9.781475984345794350e-01 -0.000000000000000000e+00 -2.079117016347685754e-01 -6.236316442489624468e-01 0.000000000000000000e+00 1.000000000000000222e+00 -0.000000000000000000e+00 0.000000000000000000e+00 2.079117016347685754e-01 0.000000000000000000e+00 9.781475984345794350e-01 6.604992896318437334e-02
9.743700632088706515e-01 -0.000000000000000000e+00 -2.249510611718504582e-01 -6.748224655787150583e-01 0.000000000000000000e+00 1.000000000000000000e+00 -0.000000000000000000e+00 0.000000000000000000e+00 2.249510611718504582e-01 0.000000000000000000e+00 9.743700632088706515e-01 7.701665014028551137e-02
9.702957261028912761e-01 -0.000000000000000000e+00 -2.419218962939551076e-01 -7.256398280461630046e-01 0.000000000000000000e+00 1.000000000000000000e+00 -0.000000000000000000e+00 0.000000000000000000e+00 2.419218962939551076e-01 0.000000000000000000e+00 9.702957261028912761e-01 8.961961716413498202e-02
9.659258282372154003e-01 -0.000000000000000000e+00 -2.588190378319371598e-01 -7.764571905136108398e-01 0.000000000000000000e+00 1.000000000000000222e+00 -0.000000000000000000e+00 0.000000000000000000e+00 2.588190378319371598e-01 0.000000000000000000e+00 9.659258282372154003e-01 1.022225841879844666e-01
