1.000000000000000000e+00 0.000000000000000000e+00 0.000000000000000000e+00 0.000000000000000000e+00 0.000000000000000000e+00 1.000000000000000000e+00 0.000000000000000000e+00 -0.000000000000000000e+00 0.000000000000000000e+00 0.000000000000000000e+00 1.000000000000000000e+00 0.000000000000000000e+00
1.000000000000000222e+00 0.000000000000000000e+00 0.000000000000000000e+00 0.000000000000000000e+00 0.000000000000000000e+00 9.999323080022165522e-01 -1.163526593424524941e-02 -2.327371078232923999e-04 0.000000000000000000e+00 1.163526593424524941e-02 9.999323080022165522e-01 4.103782897194226538e-05
1.000000000000000000e+00 0.000000000000000000e+00 0.000000000000000000e+00 0.000000000000000000e+00 0.000000000000000000e+00 9.997292411732788819e-01 -2.326895663969883593e-02 -4.654742156465847998e-04 0.000000000000000000e+00 2.326895663969883593e-02 9.997292411732788819e-01 8.207565794388453075e-05
1.000000000000000000e+00 0.000000000000000000e+00 0.000000000000000000e+00 0.000000000000000000e+00 0.000000000000000000e+00 9.993908270505680314e-01 -3.489949580125043666e-02 -6.982113234698773081e-04 0.000000000000000000e+00 3.489949580125043666e-02 9.993908270505680314e-01 1.231134869158268029e-04
1.000000000000000000e+00 0.000000000000000000e+00 0.000000000000000000e+00 0.000000000000000000e+00 0.000000000000000000e+00 9.989171113137995661e-01 -4.652531272860008921e-02 -9.309484312931695996e-04 0.000000000000000000e+00 4.652531272860008921e-02 9.989171113137995661e-01 1.641513158877690615e-04
1.000000000000000000e+00 0.000000000000000000e+00 0.000000000000000000e+00 0.000000000000000000e+00 0.000000000000000000e+00 9.983081583082533683e-01 -5.814482827546655491e-02 -1.163685539116461999e-03 0.000000000000000000e+00 5.814482827546655491e-02 9.983081583082533683e-01 2.051891448597113201e-04
1.000000000000000000e+00 0.000000000000000000e+00 0.000000000000000000e+00 0.000000000000000000e+00 0.000000000000000000e+00 9.975640503856371133e-01 -6.975647194491900460e-02 -1.396422646939754616e-03 0.000000000000000000e+00 6.975647194491900460e-02 9.975640503856371133e-01 2.462269738316536058e-04
1.000000000000000000e+00 0.000000000000000000e+00 0.000000000000000000e+00 0.000000000000000000e+00 0.000000000000000000e+00 9.966848882862320291e-01 -8.135867170659374925e-02 -1.629159754763047016e-03 0.000000000000000000e+00 8.135867170659374925e-02 9.966848882862320291e-01 2.872648028035958644e-04
1.000000000000000000e+00 0.000000000000000000e+00 0.000000000000000000e+00 0.000000000000000000e+00 0.000000000000000000e+00 9.956707905510119305e-01 -9.294986198764870755e-02 -1.861896862586339199e-03 0.000000000000000000e+00 9.294986198764870755e-02 9.956707905510119305e-01 3.283026317755381230e-04
1.000000000000000000e+00 0.000000000000000000e+00 0.000000000000000000e+00 0.000000000000000000e+00 0.000000000000000000e+00 9.945218953792129835e-01 -1.045284631635702705e-01 -2.094633970409631816e-03 0.000000000000000000e+00 1.045284631635702705e-01 9.945218953792129835e-01 3.693404607474803816e-04
1.000000000000000222e+00 0.000000000000000000e+00 0.000000000000000000e+00 0.000000000000000000e+00 0.000000000000000000e+00 9.932383578896332166e-01 -1.160929128616613598e-01 -2.327371078232923999e-03 0.000000000000000000e+00 1.160929128616613598e-01 9.932383578896332166e-01 4.103782897194226402e-04
1.000000000000000000e+00 0.000000000000000000e+00 0.000000000000000000e+00 0.000000000000000000e+00 0.000000000000000000e+00 9.918203518526672591e-01 -1.276416454408651757e-01 -2.560108186056216182e-03 0.000000000000000000e+00 1.276416454408651757e-01 9.918203518526672591e-01 4.514161186913648988e-04
1.000000000000000000e+00 0.000000000000000000e+00 0.000000000000000000e+00 0.000000000000000000e+00 0.000000000000000000e+00 9.902680692435954501e-01 -1.391730973879709010e-01 -2.792845293879509232e-03 0.000000000000000000e+00 1.391730973879709010e-01 9.902680692435954501e-01 4.924539476633072116e-04
1.000000000000000000e+00 0.000000000000000000e+00 0.000000000000000000e+00 0.000000000000000000e+00 0.000000000000000000e+00 9.885817202165927409e-01 -1.506857075292882542e-01 -3.025582401702801415e-03 0.000000000000000000e+00 1.506857075292882542e-01 9.885817202165927409e-01 5.334917766352494702e-04
1.000000000000000000e+00 0.000000000000000000e+00 0.000000000000000000e+00 0.000000000000000000e+00 0.000000000000000000e+00 9.867615330762774528e-01 -1.621779172420052539e-01 -3.258319509526094032e-03 0.000000000000000000e+00 1.621779172420052539e-01 9.867615330762774528e-01 5.745296056071917288e-04
1.000000000000000222e+00 0.000000000000000000e+00 0.000000000000000000e+00 0.000000000000000000e+00 0.000000000000000000e+00 9.848077542468020029e-01 -1.736481706652007739e-01 -3.491056617349386215e-03 0.000000000000000000e+00 1.736481706652007739e-01 9.848077542468020029e-01 6.155674345791339874e-04
